%ANN_ERR: 0.0621975
%MRG_EPS: 0.2
%SYN_STR: 
%SYM_FRQ: 0.863582 0.00670512 0.129713 
%PITILDE: size(20)
#PITILDE
0.906295 0.0056504 0.0880545 
0.855784 0.00333424 0.140882 
0.752831 0.0153731 0.231796 
0.781267 0.0490107 0.169722 
0.687362 0.0185109 0.294127 
0.624292 0.0231458 0.352562 
0.813529 0.0317397 0.154731 
0.703704 0.0527497 0.243547 
0.73445 0.0598086 0.205742 
0.633324 0.0155664 0.35111 
0.316995 0.0296609 0.653344 
0.878171 0.0210029 0.100826 
0.996559 0.00105882 0.00238235 
0.496418 0.017192 0.48639 
0.419724 0.0162061 0.56407 
0.81997 0.0484115 0.131619 
0.810734 0.0228644 0.166402 
0.999375 0.000446628 0.000178651 
0.852628 0.0206385 0.126733 
0.4 0.533333 0.0666667 
%CONNX: size(20)
#CONNX
0 1 2 
1 3 1 
0 4 5 
6 3 7 
0 8 9 
2 4 10 
11 3 6 
8 12 13 
4 3 0 
4 4 13 
14 5 10 
11 15 16 
0 17 0 
14 12 10 
2 0 14 
18 14 0 
18 0 0 
12 19 18 
0 0 12 
16 15 0 

