%ANN_ERR: 0.0817145
%MRG_EPS: 0.2
%SYN_STR: 
%SYM_FRQ: 0.842505 0.0112464 0.146249 
%PITILDE: size(41)
#PITILDE
0.748198 0.0147894 0.237013 
0.847114 0.00847796 0.144408 
0.886116 0.00693788 0.106946 
0.532558 0.101413 0.366029 
0.742976 0.0140674 0.242957 
0.798653 0.021297 0.18005 
0.510315 0.0751344 0.414551 
0.608922 0.0162289 0.37485 
0.963531 0.00764834 0.028821 
0.645842 0.0381202 0.316038 
0.54441 0.0583961 0.397194 
0.43394 0.0160006 0.550059 
0.290477 0.233829 0.475694 
0.622446 0.0397732 0.33778 
0.295306 0.311681 0.393013 
0.41107 0.0606715 0.528258 
0.322649 0.0151698 0.662181 
0.520833 0.106061 0.373106 
0.574093 0.041876 0.384031 
0.242484 0.358058 0.399458 
0.317776 0.0549538 0.62727 
0.247051 0.0157819 0.737167 
0.433566 0.195804 0.370629 
0.566989 0.0451481 0.387863 
0.238636 0.202862 0.558502 
0.23658 0.0648006 0.69862 
0.20023 0.0146817 0.785088 
0.46851 0.0337942 0.497696 
0.18209 0.271642 0.546269 
0.200445 0.124722 0.674833 
0.16389 0.0116837 0.824426 
0.367762 0.0312989 0.600939 
0.113636 0.420455 0.465909 
0.436073 0.0639269 0.5 
0.166945 0.0884808 0.744574 
0.160099 0.194581 0.64532 
0.146705 0.0108253 0.84247 
0.129566 0.0102919 0.860142 
0.111111 0.5 0.388889 
0.23 0.04 0.73 
0.145455 0.0636364 0.790909 
%CONNX: size(41)
#CONNX
2 3 4 
1 4 4 
2 5 1 
5 3 6 
0 6 7 
5 8 9 
5 3 10 
0 6 11 
8 12 3 
0 9 9 
13 14 15 
4 15 16 
8 12 12 
0 17 18 
6 14 19 
18 19 20 
7 15 21 
6 3 22 
4 19 23 
6 19 24 
11 19 25 
7 24 26 
0 22 9 
11 22 27 
4 19 25 
7 28 21 
11 29 30 
4 0 31 
15 32 0 
33 29 34 
11 35 36 
33 0 37 
0 38 0 
15 0 4 
39 0 40 
17 35 29 
11 0 37 
0 0 11 
0 23 0 
33 13 11 
5 0 0 

