%ANN_ERR: 0.113753
%MRG_EPS: 0.24
%SYN_STR: 
%SYM_FRQ: 0.808127 0.0152068 0.176666 
%PITILDE: size(20)
#PITILDE
0.697925 0.0899661 0.212108 
0.487142 0.0587803 0.454078 
0.83634 0.00813162 0.155529 
0.1706 0.491234 0.338166 
0.402999 0.121837 0.475164 
0.304847 0.0522959 0.642857 
0.231707 0.219512 0.54878 
0.242014 0.0367861 0.7212 
0.210526 0.210526 0.578947 
0.21519 0.265823 0.518987 
0.119395 0.0411958 0.839409 
0 0.5 0.5 
0.1875 0.625 0.1875 
0.294118 0.176471 0.529412 
0.142857 0.380952 0.47619 
0.274218 0.0402385 0.685544 
0.5 0 0.5 
0.111111 0.111111 0.777778 
0.1 0.3 0.6 
0.5 0 0.5 
%CONNX: size(20)
#CONNX
2 3 4 
2 4 5 
2 0 2 
0 3 3 
1 3 5 
1 6 7 
1 8 7 
1 9 10 
11 12 13 
1 14 9 
15 10 10 
0 16 16 
0 3 0 
0 12 17 
0 12 18 
1 15 5 
19 0 0 
8 0 5 
0 12 13 
1 0 0 

