%ANN_ERR: 0.0594005
%MRG_EPS: 0.2
%SYN_STR: 
%SYM_FRQ: 0.864365 0.00885146 0.126783 
%PITILDE: size(12)
#PITILDE
0.433637 0.0533724 0.512991 
0.880499 0.0074131 0.112088 
0.780797 0.0132959 0.205907 
0.362847 0.142098 0.495055 
0.8636 0.0137976 0.122602 
0.253312 0.340226 0.406462 
0.989202 0.00376536 0.00703222 
0.855867 0.0151412 0.128991 
0.350254 0.309645 0.340102 
0.515707 0.120419 0.363874 
0.324503 0.275938 0.399558 
0.286058 0.329327 0.384615 
%CONNX: size(12)
#CONNX
2 3 0 
1 0 2 
1 4 1 
2 5 2 
2 6 7 
7 5 3 
7 8 9 
4 7 7 
6 10 11 
7 11 10 
3 11 8 
0 6 0 

