%ANN_ERR: 0.0542972
%MRG_EPS: 0.2
%SYN_STR: 
%SYM_FRQ: 0.886613 0.0121144 0.101272 
%PITILDE: size(43)
#PITILDE
0.765067 0.0436259 0.191307 
0.927372 0.00840204 0.0642263 
0.866641 0.0129021 0.120457 
0.477961 0.384552 0.137487 
0.765969 0.0216021 0.212428 
0.645209 0.210796 0.143995 
0.505273 0.317207 0.17752 
0.710332 0.0441559 0.245512 
0.66218 0.0249017 0.312918 
0.56749 0.229438 0.203073 
0.976017 0.010865 0.0131183 
0.95757 0.00512292 0.0373072 
0.650865 0.0353116 0.313823 
0.593227 0.0244072 0.382366 
0.919034 0.00792661 0.0730394 
0.345482 0.483675 0.170843 
0.369922 0.199654 0.430424 
0.600858 0.121245 0.277897 
0.386696 0.0209619 0.592342 
0.471396 0.0257046 0.5029 
0.249391 0.585391 0.165217 
0.521028 0.161215 0.317757 
0.319737 0.0756579 0.604605 
0.683929 0.0785714 0.2375 
0.48657 0.0857438 0.427686 
0.371688 0.0239249 0.604387 
0.329149 0.511855 0.158996 
0.273504 0.405128 0.321368 
0.460905 0.0658436 0.473251 
0.156965 0.0187727 0.824262 
0.684073 0.075718 0.240209 
0.502015 0.0262266 0.471758 
0.396368 0.0319349 0.571697 
0.294605 0.0235248 0.68187 
0.19943 0.48433 0.316239 
0.553748 0.0248066 0.421446 
0.46163 0.0260741 0.512296 
0.157652 0.0187992 0.823549 
0.422203 0.0212704 0.556527 
0.340801 0.0219071 0.637292 
0.17803 0.0132576 0.808712 
0.312829 0.0178759 0.669295 
0.137411 0.0135028 0.849087 
%CONNX: size(43)
#CONNX
2 3 0 
1 0 4 
2 0 2 
5 3 6 
1 7 8 
2 6 7 
9 3 10 
11 6 12 
4 12 13 
2 6 9 
14 15 16 
1 9 14 
4 17 18 
4 18 19 
11 6 14 
6 20 20 
21 10 22 
23 20 20 
4 24 18 
8 18 25 
26 20 27 
18 9 22 
28 27 29 
30 0 0 
1 0 0 
31 32 33 
0 15 0 
0 34 0 
8 8 0 
13 34 29 
8 0 0 
4 8 13 
35 0 22 
36 32 37 
0 0 10 
11 0 8 
35 32 38 
39 40 37 
31 0 41 
18 0 13 
29 0 42 
39 0 25 
13 0 0 

