%ANN_ERR: 0.0505603
%MRG_EPS: 0.2
%SYN_STR: 
%SYM_FRQ: 0.865669 0.00785392 0.126477 
%PITILDE: size(14)
#PITILDE
0.777013 0.0119822 0.211004 
0.756068 0.00918461 0.234747 
0.906144 0.00509934 0.0887564 
0.572331 0.113508 0.314161 
0.680628 0.0156603 0.303712 
0.562288 0.0187503 0.418961 
0.883382 0.00787043 0.108748 
0.29074 0.440126 0.269133 
0.438351 0.0214021 0.540247 
0.807757 0.0156281 0.176615 
0.809642 0.00558044 0.184777 
0.200393 0.0209239 0.778683 
0.281518 0.0126964 0.705786 
0.447554 0.0131243 0.539322 
%CONNX: size(14)
#CONNX
2 3 4 
2 4 5 
2 6 0 
6 7 3 
0 3 5 
1 5 8 
6 3 9 
3 7 7 
10 8 11 
6 9 4 
1 4 5 
12 11 11 
13 5 12 
1 4 10 

