%ANN_ERR: 0.141549
%MRG_EPS: 0.24
%SYN_STR: 
%SYM_FRQ: 0.785514 0.0101133 0.204373 
%PITILDE: size(25)
#PITILDE
0.721595 0.0178816 0.260524 
0.5 0 0.5 
0.912067 0.00533507 0.0825982 
0.246626 0.176687 0.576687 
0.556556 0.0177572 0.425687 
0.375 0 0.625 
0.699512 0.0073032 0.293185 
0.516484 0.0720391 0.411477 
0.26661 0.0545916 0.678798 
0.458333 0.0211187 0.520548 
0.648649 0.027027 0.324324 
0.6 0 0.4 
0.178154 0.0560748 0.765771 
0.27027 0.0540541 0.675676 
0.320485 0.0165198 0.662996 
0.351974 0.0855263 0.5625 
0.231579 0.315789 0.452632 
0.384615 0.410256 0.205128 
0.16 0.04 0.8 
0.133333 0.133333 0.733333 
0.137837 0.0149823 0.847181 
0.971883 0.0134474 0.0146699 
0.2 0.466667 0.333333 
0.2 0.1 0.7 
0.3125 0.1875 0.5 
%CONNX: size(25)
#CONNX
2 3 4 
2 4 5 
2 6 0 
7 3 3 
0 8 9 
10 9 11 
6 8 6 
2 8 6 
7 12 12 
4 13 14 
10 1 1 
1 14 14 
15 16 8 
10 17 18 
4 19 20 
0 17 0 
0 21 8 
0 22 8 
0 0 23 
0 8 24 
8 0 20 
0 17 0 
0 0 24 
0 12 0 
0 0 9 

