%ANN_ERR: 0.0339699
%MRG_EPS: 0.2
%SYN_STR: 
%SYM_FRQ: 0.863698 0.00677319 0.129529 
%PITILDE: size(46)
#PITILDE
0.898655 0.00530294 0.0960424 
0.782491 0.010998 0.206511 
0.677783 0.0486778 0.273539 
0.71525 0.0114224 0.273328 
0.767433 0.0590918 0.173475 
0.473118 0.337634 0.189247 
0.739117 0.0257098 0.235173 
0.561865 0.0140132 0.424121 
0.861083 0.0230439 0.115873 
0.595021 0.0137244 0.391254 
0.591255 0.226236 0.18251 
0.584123 0.214455 0.201422 
0.567947 0.0249427 0.40711 
0.643746 0.0464964 0.309758 
0.406589 0.0164913 0.57692 
0.550987 0.0476974 0.401316 
0.683761 0.25641 0.0598291 
0.741126 0.0519481 0.206926 
0.463855 0.216867 0.319277 
0.402758 0.0224964 0.574746 
0.455882 0.235294 0.308824 
0.5625 0.0327381 0.404762 
0.322111 0.0157986 0.66209 
0.333333 0.333333 0.333333 
0.986247 0.00125339 0.0124991 
0.5 0.5 0 
0.719298 0.140351 0.140351 
0.680851 0.0510638 0.268085 
0.649351 0.116883 0.233766 
0.444444 0.416667 0.138889 
0.316547 0.0383693 0.645084 
0.410714 0.303571 0.285714 
0.125 0.75 0.125 
0.52381 0.238095 0.238095 
0.993018 0.000460764 0.00652159 
0.452261 0.0226131 0.525126 
0.25484 0.0175715 0.727588 
0.434783 0.195652 0.369565 
0.305085 0.423729 0.271186 
0.333333 0.666667 0 
0.125 0.625 0.25 
0.5 0.5 0 
0.4 0.4 0.2 
0.220371 0.0132983 0.766331 
0 0.5 0.5 
0.115447 0.0113127 0.873241 
%CONNX: size(46)
#CONNX
0 1 1 
0 2 3 
4 5 6 
1 6 7 
8 4 9 
10 5 11 
6 5 12 
9 13 14 
8 4 1 
1 15 9 
4 16 17 
11 11 18 
9 10 19 
17 20 21 
3 12 22 
9 23 24 
17 5 25 
13 26 27 
28 29 30 
21 31 14 
13 32 33 
34 7 35 
3 12 36 
37 38 3 
3 0 0 
0 39 0 
24 31 0 
24 0 24 
9 38 0 
31 40 3 
0 38 0 
37 0 0 
31 23 41 
24 42 0 
24 24 3 
24 0 30 
7 30 43 
0 0 38 
0 40 0 
24 27 0 
0 13 37 
38 0 37 
38 44 38 
14 0 45 
0 38 0 
14 0 45 

