%ANN_ERR: 0.119917
%MRG_EPS: 0.2
%SYN_STR: 
%SYM_FRQ: 0.839804 0.00667703 0.153519 
%PITILDE: size(40)
#PITILDE
0.78289 0.00402588 0.213084 
0.960912 0.00140512 0.0376828 
0.840757 0.00609111 0.153152 
0.530364 0.140688 0.328947 
0.585556 0.0133333 0.401111 
0.798682 0.00914612 0.192172 
0.237542 0.463455 0.299003 
0.463453 0.0217729 0.514775 
0.97344 0.00171574 0.0248439 
0.858845 0.00725201 0.133903 
0.602305 0.151297 0.246398 
0.605076 0.0120787 0.382845 
0.751151 0.132355 0.116493 
0.801956 0.00814996 0.189894 
0.561856 0.139175 0.298969 
0.511494 0.0172414 0.471264 
0.772592 0.0074184 0.219989 
0.73913 0.0652174 0.195652 
0.702703 0.00990991 0.287387 
0.192308 0.307692 0.5 
0.436364 0.0727273 0.490909 
0.242424 0.333333 0.424242 
0.36875 0.0125 0.61875 
1 0 0 
0.981795 0.0182055 0 
0.852941 0.147059 0 
0.333333 0.666667 0 
0 1 0 
0 0.0306122 0.969388 
0.8 0.2 0 
0 0.0520833 0.947917 
0 0.285714 0.714286 
1 0 0 
0.132104 0.00460829 0.863287 
0.6 0.4 0 
1 0 0 
0.333333 0.333333 0.333333 
0.333333 0 0.666667 
1 0 0 
0.5 0 0.5 
%CONNX: size(40)
#CONNX
0 1 1 
2 3 4 
2 5 2 
5 6 3 
2 7 8 
9 10 11 
12 6 6 
13 6 7 
1 14 15 
5 5 5 
12 10 14 
16 12 2 
12 12 3 
2 17 18 
13 19 20 
4 21 22 
13 23 24 
25 26 27 
28 4 7 
29 11 21 
1 7 30 
23 31 21 
4 32 33 
8 -1 -1 
0 30 -1 
1 34 -1 
27 23 -1 
-1 23 -1 
-1 30 23 
23 31 -1 
-1 27 30 
-1 28 30 
35 31 36 
4 37 33 
27 27 -1 
4 -1 23 
30 30 38 
30 39 31 
23 4 33 
23 -1 31 

