%ANN_ERR: 0.0569548
%MRG_EPS: 0.2
%SYN_STR: 
%SYM_FRQ: 0.849267 0.00573923 0.144994 
%PITILDE: size(16)
#PITILDE
0.894801 0.00414665 0.101052 
0.45613 0.0123678 0.531502 
0.747619 0.0110024 0.241378 
0.546108 0.158084 0.295808 
0.616682 0.014357 0.368961 
0.648124 0.0815006 0.270375 
0.271186 0.566586 0.162228 
0.576132 0.0781893 0.345679 
0.312269 0.0136041 0.674127 
0.848981 0.00781962 0.1432 
0.556804 0.229713 0.213483 
0.189591 0.479554 0.330855 
0.242344 0.0262983 0.731358 
0.592593 0.148148 0.259259 
0.27673 0.339623 0.383648 
0.531593 0.00961538 0.458791 
%CONNX: size(16)
#CONNX
0 1 2 
0 3 1 
0 1 4 
5 6 7 
2 8 8 
9 6 5 
10 6 11 
5 11 12 
2 12 8 
9 10 9 
5 6 13 
3 6 14 
15 14 4 
5 0 0 
0 11 0 
8 5 1 

