%ANN_ERR: 0.0404874
%MRG_EPS: 0.2
%SYN_STR: 
%SYM_FRQ: 0.850949 0.0106608 0.13839 
%PITILDE: size(40)
#PITILDE
0.791919 0.0145056 0.193575 
0.900414 0.00694253 0.0926434 
0.657183 0.120328 0.222489 
0.771672 0.0161208 0.212207 
0.670521 0.0652858 0.264193 
0.205059 0.511173 0.283768 
0.609716 0.0770416 0.313242 
0.646876 0.0212402 0.331884 
0.729756 0.0413147 0.228929 
0.806768 0.0213496 0.171883 
0.420047 0.343597 0.236356 
0.563226 0.0637958 0.372978 
0.596627 0.0241702 0.379203 
0.839692 0.00584183 0.154466 
0.616656 0.175149 0.208196 
0.512775 0.0400881 0.447137 
0.37477 0.28453 0.3407 
0.291753 0.430353 0.277893 
0.464534 0.0572608 0.478205 
0.466763 0.0257004 0.507537 
0.472303 0.137026 0.390671 
0.370812 0.0214857 0.607703 
0.423077 0.266968 0.309955 
0.275154 0.238877 0.485969 
0.278913 0.0331694 0.687918 
0.380122 0.0235344 0.596344 
0.187793 0.382629 0.429577 
0.326483 0.0208563 0.652661 
0.431772 0.215886 0.352342 
0.182254 0.388489 0.429257 
0.265611 0.180299 0.55409 
0.269833 0.0272947 0.702872 
0.261355 0.156175 0.58247 
0.173804 0.395466 0.43073 
0.13414 0.0150174 0.850842 
0.158974 0.466667 0.374359 
0.227147 0.0817174 0.691136 
0.148271 0.105053 0.746675 
0.999252 0.000365521 0.000382136 
0.147541 0.0430328 0.809426 
%CONNX: size(40)
#CONNX
1 2 3 
1 3 3 
4 5 6 
0 6 7 
8 2 9 
10 5 5 
4 5 11 
0 11 12 
13 14 0 
0 2 15 
4 2 16 
9 17 18 
7 18 19 
13 4 13 
4 2 2 
3 20 21 
4 5 6 
22 17 23 
7 23 24 
7 24 25 
14 26 21 
4 18 27 
6 10 7 
28 29 24 
21 30 31 
7 32 31 
0 5 33 
0 0 24 
0 32 32 
10 33 26 
0 26 23 
21 30 34 
3 35 36 
0 32 0 
21 37 34 
33 28 29 
7 38 39 
0 0 31 
0 22 33 
20 0 32 

