%ANN_ERR: 0.0303534
%MRG_EPS: 0.2
%SYN_STR: 
%SYM_FRQ: 0.873803 0.00632241 0.119875 
%PITILDE: size(18)
#PITILDE
0.647934 0.160331 0.191736 
0.903197 0.00514525 0.0916577 
0.795164 0.0276218 0.177215 
0.781957 0.010196 0.207847 
0.936475 0.00582146 0.0577031 
0.454986 0.259695 0.285319 
0.821079 0.0146491 0.164272 
0.657233 0.012217 0.33055 
0.637854 0.165425 0.196721 
0.676037 0.111111 0.212851 
0.553649 0.013055 0.433296 
0.723881 0.136194 0.139925 
0.443038 0.367089 0.189873 
0.952727 0.00228278 0.0449898 
0.255663 0.0169596 0.727377 
0.565217 0.26087 0.173913 
0.344828 0.517241 0.137931 
0.113591 0.0049449 0.881464 
%CONNX: size(18)
#CONNX
0 1 1 
1 2 3 
4 5 6 
1 6 7 
1 4 1 
8 5 5 
6 9 7 
3 6 10 
11 11 4 
6 12 5 
3 13 14 
2 15 1 
0 16 0 
4 0 17 
7 13 14 
0 0 0 
0 8 0 
3 0 17 

