%ANN_ERR: 0.0755753
%MRG_EPS: 0.2
%SYN_STR: 
%SYM_FRQ: 0.8534 0.00641953 0.14018 
%PITILDE: size(29)
#PITILDE
0.867538 0.00467406 0.127788 
0.748051 0.0108363 0.241112 
0.639261 0.0169023 0.343836 
0.629796 0.0134239 0.35678 
0.733994 0.0143931 0.251613 
0.954921 0.0143495 0.0307297 
0.903512 0.00468825 0.0917995 
0.503587 0.0229555 0.473458 
0.465046 0.0171871 0.517767 
0.92965 0.00556081 0.0647895 
0.251553 0.357143 0.391304 
0.962586 0.00072648 0.0366873 
0.405941 0.0363036 0.557756 
0.344004 0.0155246 0.640471 
0.769825 0.018953 0.211221 
0.672065 0.1417 0.186235 
0.153846 0.497738 0.348416 
0.991321 0.000188679 0.00849057 
0.999422 0.000192753 0.000385505 
0.22399 0.00856793 0.767442 
0.272727 0.454545 0.272727 
0.312883 0.00613497 0.680982 
0.300699 0.027972 0.671329 
0.267218 0.0126604 0.720122 
0.636364 0.0454545 0.318182 
0.285714 0.142857 0.571429 
0.534884 0.0465116 0.418605 
0.223404 0.0319149 0.744681 
0.114732 0.0108196 0.874449 
%CONNX: size(29)
#CONNX
0 1 1 
0 2 3 
4 5 2 
6 7 8 
9 2 4 
2 10 5 
6 2 1 
2 10 11 
1 12 13 
9 4 14 
15 16 10 
17 18 19 
2 20 21 
1 22 23 
4 2 6 
15 0 1 
1 16 10 
3 0 24 
11 10 0 
0 25 19 
0 0 5 
14 0 0 
26 19 27 
3 13 28 
0 0 1 
0 0 13 
3 0 0 
7 0 0 
3 6 28 

